Упражнения для пресса
0
8 10 10 12 10 12 12 14 16 16 14 16 18 18 20 22 24 24 24 26 28 30 30 30 32 34 34 36
6 10 10 12 10 12 12 14 16 16 14 16 18 18 20 22 24 24 24 26 28 30 30 30 32 34 34 36
Ложитесь на спину, ноги согнуты в коленях, руки вытянуты вперед
press_abdominal_crunch
Боковые наклоны к пяткам
0
14 10 10 12 10 12 12 14 16 16 14 16 18 18 20 22 24 24 24 26 28 30 30 30 32 34 34 36
10 10 10 12 10 12 12 14 16 16 14 16 18 18 20 22 24 24 24 26 28 30 30 30 32 34 34 36
Ложитесь на спину, ноги согните в коленях, руки лежат
0
Упражнения для пресса
0
8 10 10 12 10 12 12 14 16 16 14 16 18 18 20 22 24 24 24 26 28 30 30 30 32 34 34 36
8 10 10 12 10 12 12 14 16 16 14 16 18 18 20 22 24 24 24 26 28 30 30 30 32 34 34 36
Ложитесь на спину, ноги согнуты в коленях, руки вытянуты вперед
0
Боковые наклоны к пяткам
0
14 10 10 12 10 12 12 14 16 16 14 16 18 18 20 22 24 24 24 26 28 30 30 30 32 34 34 36
14 10 10 12 10 12 12 14 16 16 14 16 18 18 20 22 24 24 24 26 28 30 30 30 32 34 34 36
Ложитесь на спину, ноги согните в коленях, руки лежат
0
Упражнения для пресса
0
8 10 10 12 10 12 12 14 16 16 14 16 18 18 20 22 24 24 24 26 28 30 30 30 32 34 34 36
8 10 10 12 10 12 12 14 16 16 14 16 18 18 20 22 24 24 24 26 28 30 30 30 32 34 34 36
Ложитесь на спину, ноги согнуты в коленях, руки вытянуты вперед
0
Боковые наклоны к пяткам
0
14 10 10 12 10 12 12 14 16 16 14 16 18 18 20 22 24 24 24 26 28 30 30 30 32 34 34 36
14 10 10 12 10 12 12 14 16 16 14 16 18 18 20 22 24 24 24 26 28 30 30 30 32 34 34 36
Ложитесь на спину, ноги согните в коленях, руки лежат
0
Упражнения для пресса
0
8 10 10 12 10 12 12 14 16 16 14 16 18 18 20 22 24 24 24 26 28 30 30 30 32 34 34 36
8 10 10 12 10 12 12 14 16 16 14 16 18 18 20 22 24 24 24 26 28 30 30 30 32 34 34 36
Ложитесь на спину, ноги согнуты в коленях, руки вытянуты вперед
0
Боковые наклоны к пяткам
0
14 10 10 12 10 12 12 14 16 16 14 16 18 18 20 22 24 24 24 26 28 30 30 30 32 34 34 36
14 10 10 12 10 12 12 14 16 16 14 16 18 18 20 22 24 24 24 26 28 30 30 30 32 34 34 36
Ложитесь на спину, ноги согните в коленях, руки лежат
0
Упражнения для пресса
0
8 10 10 12 10 12 12 14 16 16 14 16 18 18 20 22 24 24 24 26 28 30 30 30 32 34 34 36
8 10 10 12 10 12 12 14 16 16 14 16 18 18 20 22 24 24 24 26 28 30 30 30 32 34 34 36
Ложитесь на спину, ноги согнуты в коленях, руки вытянуты вперед
0
Боковые наклоны к пяткам
0
14 10 10 12 10 12 12 14 16 16 14 16 18 18 20 22 24 24 24 26 28 30 30 30 32 34 34 36
14 10 10 12 10 12 12 14 16 16 14 16 18 18 20 22 24 24 24 26 28 30 30 30 32 34 34 36
Ложитесь на спину, ноги согните в коленях, руки лежат
0
Упражнения для пресса
0
8 10 10 12 10 12 12 14 16 16 14 16 18 18 20 22 24 24 24 26 28 30 30 30 32 34 34 36
8 10 10 12 10 12 12 14 16 16 14 16 18 18 20 22 24 24 24 26 28 30 30 30 32 34 34 36
Ложитесь на спину, ноги согнуты в коленях, руки вытянуты вперед
0
Боковые наклоны к пяткам
0
14 10 10 12 10 12 12 14 16 16 14 16 18 18 20 22 24 24 24 26 28 30 30 30 32 34 34 36
14 10 10 12 10 12 12 14 16 16 14 16 18 18 20 22 24 24 24 26 28 30 30 30 32 34 34 36
Ложитесь на спину, ноги согните в коленях, руки лежат
0
Упражнения для пресса
0
8 10 10 12 10 12 12 14 16 16 14 16 18 18 20 22 24 24 24 26 28 30 30 30 32 34 34 36
8 10 10 12 10 12 12 14 16 16 14 16 18 18 20 22 24 24 24 26 28 30 30 30 32 34 34 36
Ложитесь на спину, ноги согнуты в коленях, руки вытянуты вперед
0
Боковые наклоны к пяткам
0
14 10 10 12 10 12 12 14 16 16 14 16 18 18 20 22 24 24 24 26 28 30 30 30 32 34 34 36
14 10 10 12 10 12 12 14 16 16 14 16 18 18 20 22 24 24 24 26 28 30 30 30 32 34 34 36
Ложитесь на спину, ноги согните в коленях, руки лежат
0
Упражнения для пресса
0
8 10 10 12 10 12 12 14 16 16 14 16 18 18 20 22 24 24 24 26 28 30 30 30 32 34 34 36
8 10 10 12 10 12 12 14 16 16 14 16 18 18 20 22 24 24 24 26 28 30 30 30 32 34 34 36
Ложитесь на спину, ноги согнуты в коленях, руки вытянуты вперед
0
Боковые наклоны к пяткам
0
14 10 10 12 10 12 12 14 16 16 14 16 18 18 20 22 24 24 24 26 28 30 30 30 32 34 34 36
14 10 10 12 10 12 12 14 16 16 14 16 18 18 20 22 24 24 24 26 28 30 30 30 32 34 34 36
Ложитесь на спину, ноги согните в коленях, руки лежат
0